55.0304,82.9245 157.1
55.030377,82.92455432 157.6
55.030377,82.92462263 158.0
55.030377,82.92469095 158.4
55.030377,82.92475927 158.8
55.030377,82.92482759 159.2
55.030377,82.9248959 159.6
55.030377,82.92496422 160.0
55.030377,82.92503254 160.0
55.030377,82.92510085 159.5
55.030377,82.92516917 159.0
55.030377,82.92523749 158.5
55.030377,82.9253058 158.0
55.030377,82.92537412 157.5
55.030377,82.92544244 157.0
55.030377,82.92551076 156.5
55.030377,82.92557907 156.0
55.030377,82.92564739 155.5
55.030377,82.92571571 155.0
55.030377,82.92578402 154.5
55.030377,82.92585234 154.1
55.030377,82.92592066 153.6
55.030377,82.92598897 153.2
55.030377,82.92605729 152.8
55.030377,82.92612561 152.4
55.030377,82.92619393 151.9
55.030377,82.92626224 151.5
55.030377,82.92633056 151.1
55.030377,82.92639888 150.7
55.030377,82.92646719 150.2
55.030377,82.92653551 149.8
55.030377,82.92660383 149.4
55.030377,82.92667214 149.0
55.030377,82.92674046 148.9
55.030377,82.92680878 148.8
55.030377,82.9268771 148.7
55.030377,82.92694541 148.6
55.030377,82.92701373 148.5
55.030377,82.92708205 148.5
55.030377,82.92715036 148.4
55.030377,82.92721868 148.3
55.030377,82.927287 148.2
55.030377,82.92735531 148.1
55.030377,82.92742363 148.0
55.030377,82.92749195 147.9
55.030377,82.92756027 147.9
55.030377,82.92762858 147.9
55.030377,82.9276969 147.9
55.030377,82.92776522 147.9
55.030377,82.92783353 147.9
55.030377,82.92790185 147.9
55.030377,82.92797017 147.9
55.030377,82.92803848 147.9
55.030377,82.9281068 147.9
55.030377,82.92817512 147.9
55.030377,82.92824344 147.9
55.030377,82.92831175 147.9
55.030377,82.92838007 148.1
55.030377,82.92844839 148.3
55.030377,82.9285167 148.6
55.030377,82.92858502 148.8
55.030377,82.92865334 149.1
55.030377,82.92872165 149.3
55.030377,82.92878997 149.5
55.030377,82.92885829 149.8
55.030377,82.92892661 150.0
55.030377,82.92899492 150.3
55.030377,82.92906324 150.5
55.030377,82.92913156 150.8
55.030377,82.92919987 150.9
55.030377,82.92926819 150.8
55.030377,82.92933651 150.8
55.030377,82.92940482 150.8
55.030377,82.92947314 150.7
55.030377,82.92954146 150.7
55.030377,82.92960978 150.7
55.030377,82.92967809 150.6
55.030377,82.92974641 150.6
55.030377,82.92981473 150.6
55.030377,82.92988304 150.5
55.030377,82.92995136 150.5
55.030377,82.93001968 150.4
55.030377,82.93008799 150.3
55.030377,82.93015631 150.3
55.030377,82.93022463 150.2
55.030377,82.93029295 150.1
55.030377,82.93036126 150.0
55.030377,82.93042958 149.9
55.030377,82.9304979 149.9
55.030377,82.93056621 149.8
55.030377,82.93063453 149.7
55.030377,82.93070285 149.6
55.030377,82.93077116 149.5
55.030377,82.93083948 149.4
55.030377,82.9309078 149.2
55.030377,82.93097612 149.0
55.030377,82.93104443 148.8
55.030377,82.93111275 148.6
55.030377,82.93118107 148.4
55.030377,82.93124938 148.2
55.030377,82.9313177 148.0
55.030377,82.93138602 147.8
55.030377,82.93145433 147.6
55.030377,82.93152265 147.4
55.030377,82.93159097 147.2
55.030377,82.93165929 147.0
